24
-460.18 5 -72.6304 0 1 0
-50 13 -100 0 1 0
0 21 -50 0 1 0
-50 29 0 0 1 0
-294.64 37 -355.494 0 1 0
-50 45 -100 0 1 0
74.0219 53 -101.596 0 1 0
-50 61 0 0 1 0
-100 69 -50 0 1 0
63.3692 77 -302.618 0 1 0
139.312 85 -88.8799 0 1 0
-50 93 0 0 1 0
-100 93 50 0 1 0
-82.4955 93 348.225 0 1 0
398.494 85 -37.6068 0 1 0
-50 77 0 0 1 0
-100 69 50 0 1 0
-112.398 61 154.29 0 1 0
87.4548 53 133.955 0 1 0
-50 45 0 0 1 0
-522.794 37 423.165 0 1 0
-189.726 29 624.56 0 1 0
-323.166 21 116.893 0 1 0
-50 13 0 0 1 0
